mag = [	1308	,	622	,	-770	;
	1298	,	600	,	-750	;
	1293	,	627	,	-762	;
	1298	,	617	,	-755	;
	1296	,	638	,	-750	;
	1298	,	630	,	-757	;
	1318	,	630	,	-737	;
	1301	,	632	,	-767	;
	1288	,	617	,	-772	;
	1293	,	638	,	-752	;
	1288	,	627	,	-762	;
	1293	,	612	,	-740	;
	1286	,	632	,	-750	;
	1306	,	622	,	-767	;
	1291	,	622	,	-752	;
	1298	,	617	,	-757	;
	1293	,	627	,	-752	;
	1296	,	622	,	-755	;
	1301	,	617	,	-760	;
	1306	,	625	,	-750	;
	1293	,	627	,	-762	;
	1296	,	622	,	-750	;
	1316	,	632	,	-747	;
	1318	,	625	,	-745	;
	1298	,	630	,	-750	;
	1308	,	627	,	-750	;
	1298	,	630	,	-752	;
	1306	,	643	,	-757	;
	1306	,	622	,	-757	;
	1298	,	622	,	-747	;
	1293	,	615	,	-755	;
	1303	,	617	,	-760	;
	1313	,	622	,	-745	;
	1301	,	620	,	-750	;
	1316	,	625	,	-737	;
	1301	,	625	,	-762	;
	1298	,	622	,	-740	;
	1308	,	637	,	-762	;
	1298	,	602	,	-755	;
	1291	,	638	,	-757	;
	1306	,	625	,	-760	;
	1296	,	622	,	-750	;
	1308	,	615	,	-745	;
	1318	,	620	,	-735	;
	1341	,	627	,	-697	;
	1373	,	646	,	-650	;
	1413	,	663	,	-571	;
	1443	,	696	,	-528	;
	1463	,	698	,	-453	;
	1493	,	708	,	-433	;
	1516	,	706	,	-353	;
	1546	,	703	,	-270	;
	1578	,	701	,	-147	;
	1586	,	723	,	-52	;
	1607	,	711	,	35	;
	1617	,	708	,	155	;
	1593	,	731	,	237	;
	1576	,	721	,	351	;
	1558	,	723	,	443	;
	1546	,	746	,	523	;
	1516	,	753	,	578	;
	1483	,	756	,	665	;
	1451	,	763	,	710	;
	1406	,	758	,	777	;
	1383	,	783	,	832	;
	1321	,	756	,	895	;
	1270	,	783	,	940	;
	1220	,	781	,	993	;
	1155	,	776	,	1063	;
	1072	,	788	,	1116	;
	982	,	776	,	1188	;
	836	,	791	,	1231	;
	646	,	788	,	1312	;
	620	,	796	,	1325	;
	595	,	821	,	1320	;
	520	,	803	,	1317	;
	375	,	843	,	1315	;
	256	,	848	,	1315	;
	243	,	863	,	1307	;
	233	,	888	,	1302	;
	126	,	861	,	1302	;
	-6	,	856	,	1256	;
	-46	,	848	,	1268	;
	-143	,	858	,	1226	;
	-236	,	858	,	1188	;
	-365	,	851	,	1123	;
	-442	,	863	,	1111	;
	-472	,	853	,	1041	;
	-557	,	843	,	1026	;
	-552	,	838	,	1018	;
	-540	,	833	,	1033	;
	-500	,	858	,	1028	;
	-462	,	878	,	1073	;
	-337	,	906	,	1113	;
	-151	,	891	,	1221	;
	113	,	886	,	1292	;
	440	,	886	,	1285	;
	691	,	856	,	1258	;
	938	,	856	,	1168	;
	1170	,	853	,	1006	;
	1348	,	841	,	780	;
	1521	,	813	,	461	;
	1586	,	783	,	162	;
	1591	,	791	,	25	;
	1576	,	788	,	-137	;
	1521	,	828	,	-260	;
	1468	,	841	,	-376	;
	1431	,	853	,	-478	;
	1361	,	871	,	-558	;
	1281	,	853	,	-707	;
	1165	,	843	,	-845	;
	1015	,	831	,	-968	;
	953	,	823	,	-1028	;
	846	,	826	,	-1073	;
	741	,	828	,	-1138	;
	656	,	821	,	-1176	;
	417	,	957	,	-1203	;
	301	,	918	,	-1248	;
	298	,	948	,	-1223	;
	266	,	956	,	-1221	;
	93	,	868	,	-1266	;
	-128	,	776	,	-1268	;
	-228	,	768	,	-1253	;
	-320	,	838	,	-1208	;
	-522	,	836	,	-1091	;
	-708	,	851	,	-978	;
	-891	,	838	,	-785	;
	-975	,	846	,	-628	;
	-1035	,	846	,	-521	;
	-1062	,	856	,	-403	;
	-1080	,	861	,	-331	;
	-1100	,	868	,	-257	;
	-1105	,	843	,	-180	;
	-1122	,	866	,	-75	;
	-1115	,	841	,	62	;
	-1075	,	871	,	255	;
	-1002	,	898	,	418	;
	-933	,	921	,	528	;
	-888	,	938	,	578	;
	-861	,	967	,	628	;
	-813	,	985	,	680	;
	-761	,	1000	,	717	;
	-766	,	1020	,	707	;
	-723	,	1027	,	760	;
	-632	,	985	,	880	;
	-495	,	936	,	1021	;
	-293	,	856	,	1178	;
	-43	,	803	,	1290	;
	281	,	781	,	1365	;
	686	,	831	,	1273	;
	913	,	883	,	1201	;
	893	,	881	,	1193	;
	635	,	886	,	1276	;
	198	,	911	,	1290	;
	-733	,	888	,	825	;
	-663	,	967	,	860	;
	-761	,	941	,	785	;
	-773	,	953	,	742	;
	-843	,	951	,	677	;
	-933	,	923	,	533	;
	-1010	,	926	,	328	;
	-1067	,	918	,	110	;
	-1100	,	901	,	-27	;
	-1100	,	888	,	-107	;
	-1107	,	853	,	-207	;
	-1102	,	848	,	-222	;
	-1117	,	796	,	-172	;
	-1152	,	733	,	-80	;
	-1155	,	718	,	40	;
	-1127	,	691	,	210	;
	-1142	,	716	,	270	;
	-1160	,	673	,	185	;
	-1170	,	676	,	-80	;
	-1117	,	708	,	-406	;
	-972	,	723	,	-692	;
	-746	,	741	,	-991	;
	-472	,	721	,	-1173	;
	-108	,	673	,	-1295	;
	213	,	575	,	-1327	;
	440	,	475	,	-1305	;
	597	,	477	,	-1273	;
	733	,	422	,	-1223	;
	846	,	380	,	-1178	;
	883	,	357	,	-1136	;
	965	,	327	,	-1101	;
	997	,	335	,	-1081	;
	1025	,	301	,	-1058	;
	1062	,	243	,	-1018	;
	1115	,	141	,	-976	;
	1160	,	83	,	-925	;
	1160	,	81	,	-917	;
	1190	,	33	,	-892	;
	1195	,	-8	,	-845	;
	1245	,	-53	,	-807	;
	1267	,	-143	,	-735	;
	1311	,	-166	,	-680	;
	1336	,	-201	,	-596	;
	1318	,	-243	,	-591	;
	1283	,	-375	,	-566	;
	1230	,	-542	,	-478	;
	1207	,	-651	,	-383	;
	1220	,	-693	,	-250	;
	1205	,	-723	,	-187	;
	1210	,	-746	,	-132	;
	1185	,	-781	,	30	;
	1182	,	-813	,	160	;
	1162	,	-781	,	391	;
	1175	,	-713	,	556	;
	1185	,	-597	,	732	;
	1232	,	-450	,	842	;
	1293	,	-281	,	867	;
	1388	,	-36	,	897	;
	1391	,	171	,	955	;
	1366	,	311	,	993	;
	1303	,	417	,	1048	;
	1220	,	557	,	1096	;
	1232	,	731	,	1016	;
	1281	,	908	,	875	;
	1316	,	1107	,	692	;
	1291	,	1222	,	523	;
	1306	,	1313	,	321	;
	1267	,	1363	,	142	;
	1245	,	1396	,	-15	;
	1225	,	1383	,	-190	;
	1220	,	1331	,	-265	;
	1255	,	1298	,	-265	;
	1303	,	1225	,	-315	;
	1353	,	1157	,	-305	;
	1406	,	1097	,	-292	;
	1416	,	1062	,	-323	;
	1418	,	1025	,	-328	;
	1383	,	1065	,	-363	;
	1316	,	1197	,	-338	;
	1260	,	1323	,	-217	;
	1215	,	1413	,	-32	;
	1192	,	1426	,	157	;
	1177	,	1396	,	418	;
	1082	,	1232	,	842	;
	982	,	1087	,	1041	;
	956	,	896	,	1163	;
	911	,	703	,	1258	;
	898	,	460	,	1325	;
	923	,	201	,	1307	;
	985	,	-18	,	1238	;
	1005	,	-246	,	1138	;
	1062	,	-472	,	998	;
	1122	,	-637	,	775	;
	1127	,	-771	,	488	;
	1165	,	-833	,	257	;
	1175	,	-818	,	72	;
	1182	,	-781	,	-80	;
	1202	,	-743	,	-162	;
	1220	,	-673	,	-275	;
	1250	,	-610	,	-366	;
	1257	,	-527	,	-446	;
	1242	,	-475	,	-546	;
	1250	,	-410	,	-578	;
	1247	,	-335	,	-667	;
	1210	,	-266	,	-740	;
	1232	,	-178	,	-775	;
	1293	,	-53	,	-742	;
	1301	,	43	,	-772	;
	1303	,	153	,	-800	;
	1311	,	273	,	-787	;
	1348	,	410	,	-762	;
	1348	,	567	,	-737	;
	1346	,	648	,	-705	;
	1356	,	768	,	-642	;
	1391	,	851	,	-543	;
	1381	,	938	,	-501	;
	1341	,	1012	,	-518	;
	1303	,	1037	,	-533	;
	1303	,	1072	,	-483	;
	1321	,	1117	,	-423	;
	1313	,	1175	,	-371	;
	1252	,	1281	,	-323	;
	1197	,	1341	,	-326	;
	1170	,	1378	,	-290	;
	1180	,	1398	,	-180	;
	1205	,	1411	,	-72	;
	1242	,	1393	,	87	;
	1252	,	1366	,	202	;
	1252	,	1328	,	356	;
	1257	,	1286	,	483	;
	1262	,	1190	,	626	;
	1272	,	1060	,	772	;
	1272	,	931	,	872	;
	1272	,	783	,	991	;
	1212	,	673	,	1043	;
	1142	,	525	,	1153	;
	1065	,	387	,	1236	;
	1005	,	325	,	1271	;
	965	,	278	,	1292	;
	1007	,	367	,	1268	;
	1020	,	395	,	1268	;
	1005	,	318	,	1271	;
	1010	,	221	,	1278	;
	1025	,	71	,	1241	;
	1075	,	13	,	1193	;
	1140	,	-18	,	1146	;
	1192	,	8	,	1126	;
	1215	,	148	,	1113	;
	1291	,	318	,	1076	;
	1381	,	515	,	950	;
	1436	,	746	,	752	;
	1451	,	948	,	603	;
	1398	,	1115	,	446	;
	1383	,	1212	,	295	;
	1331	,	1286	,	55	;
	1303	,	1262	,	-140	;
	1293	,	1220	,	-323	;
	1270	,	1197	,	-431	;
	1270	,	1130	,	-491	;
	1260	,	1067	,	-581	;
	1262	,	1010	,	-626	;
	1270	,	990	,	-665	;
	1308	,	916	,	-621	;
	1323	,	916	,	-603	;
	1341	,	883	,	-598	;
	1348	,	886	,	-603	;
	1308	,	886	,	-650	;
	1296	,	881	,	-675	;
	1260	,	886	,	-710	;
	1262	,	866	,	-725	;
	1260	,	858	,	-740	;
	1260	,	843	,	-745	;
	1265	,	868	,	-750	;
	1247	,	858	,	-735	;
	1252	,	858	,	-742	;
	1235	,	828	,	-757	;
	1250	,	803	,	-785	;
	1247	,	733	,	-780	;
	1270	,	651	,	-805	;
	1278	,	545	,	-822	;
	1301	,	442	,	-807	;
	1281	,	278	,	-830	;
	1212	,	78	,	-865	;
	1120	,	-121	,	-897	;
	1057	,	-308	,	-870	;
	962	,	-440	,	-852	;
	836	,	-522	,	-872	;
	796	,	-537	,	-885	;
	778	,	-580	,	-880	;
	738	,	-587	,	-892	;
	648	,	-602	,	-920	;
	522	,	-656	,	-925	;
	372	,	-708	,	-915	;
	241	,	-756	,	-902	;
	116	,	-721	,	-920	;
	0	,	-708	,	-952	;
	-61	,	-671	,	-927	;
	-166	,	-661	,	-910	;
	-231	,	-648	,	-922	;
	-248	,	-615	,	-940	;
	-273	,	-605	,	-955	;
	-327	,	-522	,	-988	;
	-395	,	-400	,	-1023	;
	-450	,	-316	,	-1061	;
	-522	,	-191	,	-1088	;
	-557	,	-96	,	-1121	;
	-630	,	38	,	-1121	;
	-696	,	118	,	-1088	;
	-716	,	218	,	-1088	;
